-8.2897,8.7438
-4.7504,-0.48682
6.0203,2.2488
-9.4156,12.7307
8.5771,9.7133
4.6066,-0.75582
-0.22782,-4.9896
1.5705,-4.5067
-5.2543,0.52159
-0.82302,-4.8645
9.2618,12.1561
0.93611,-4.8247
0.42272,-4.9643
-5.3681,0.76333
-0.22205,-4.9901
2.4812,-3.7687
3.5827,-2.4328
-2.0897,-4.1266
-2.6513,-3.5942
9.7596,14.0501
-9.2452,12.0948
7.7034,6.8684
8.2657,8.6645
5.9237,2.018
-8.0258,7.8825
-4.7626,-0.46357
-3.2929,-2.8314
3.5946,-2.4158
-7.2689,5.5675
4.4245,-1.0847
-7.8648,7.3709
3.0751,-3.1087
-0.11652,-4.9973
5.581,1.2296
4.3007,-1.3007
8.0744,8.0392
7.8185,7.2256
-3.3167,-2.7998
3.9749,-1.84
-6.0438,2.3055
-9.3892,12.6313
4.8815,-0.23422
0.00044871,-5
-0.40156,-4.9678
8.0944,8.104
2.1973,-4.0343
2.3533,-3.8924
7.1888,5.3359
6.1098,2.4659
1.5344,-4.5291
-6.3416,3.0431
-5.2014,0.41083
7.7302,6.9513
-9.4265,12.7718
-0.20197,-4.9918
-6.6415,3.8218
9.5736,13.3308
4.2539,-1.3809
0.0094325,-5
-0.57823,-4.9331
-8.8076,10.5148
3.6394,-2.3509
-9.1514,11.7495
-8.5711,9.6927
0.433,-4.9625
-8.0654,8.0101
6.363,3.0975
6.3509,3.0669
4.4488,-1.0417
-7.0027,4.8075
3.1921,-2.9621
0.3719,-4.9723
9.4595,12.8964
2.9798,-3.2241
6.0066,2.2159
-0.92405,-4.8292
-1.3522,-4.6343
6.5063,3.4663
-8.3306,8.8798
-7.3366,5.7651
-6.5322,3.534
-2.1812,-4.0484
6.6276,3.785
6.0673,2.3624
-8.7906,10.4548
-2.0148,-4.1881
0.53752,-4.9422
-1.664,-4.4462
3.1372,-3.0316
2.5595,-3.6898
-4.1603,-1.5384
-1.367,-4.6263
-9.6903,13.7802
9.6813,13.7454
-6.6566,3.8621
-7.8757,7.4052
-2.5518,-3.6977
-6.0376,2.2906
-0.20625,-4.9915
-3.2101,-2.939
0,0
8.1293
7.566
-8.0518
4.2814
-4.1559
-1.389
0.86168
7.9693
-1.4806
8.6949
-3.5738
3.6198
2.9941
0.70428
3.5659
2.9975
-5.7936
-6.6957
8.9834
-5.9198
